460
23
10;7;;335;925;518;967;40;169;949;569;932;204;
8;16;;345;732;722;449;320;646;342;470;422;707;910;124;861;910;878;292;
8;17;;150;388;27;10;700;383;419;876;498;122;745;952;27;582;0;197;18;924;923;
2;20;;416;979;949;752;266;862;825;461;91;225;62;140;992;803;591;
5;20;;606;217;57;546;155;960;832;729;
4;13;;682;663;127;197;37;
9;11;;822;318;863;774;295;427;433;526;485;589;105;21;680;188;786;399;545;6;
3;11;;701;838;
7;9;;328;338;512;692;148;603;344;60;310;839;954;863;602;621;
13;16;;997;357;913;63;90;190;376;178;610;983;477;294;139;552;208;249;810;619;562;792;278;
